+-------------------+--------------------+--------------+---------------+
| Training examples |   Train Accuracy   | Dev Accuracy | Test Accuracy |
+-------------------+--------------------+--------------+---------------+
|        2000       |        1.0         |     0.5      |      0.5      |
|        4000       |        1.0         |     0.5      |    0.50004    |
|        6000       |        1.0         |     0.5      |      0.5      |
|        8000       |        1.0         |     0.5      |      0.5      |
|       10000       |        1.0         |     0.5      |      0.5      |
|       12000       |        0.89        |    0.728     |    0.72916    |
|       14000       | 0.8582142857142857 |    0.7984    |     0.8062    |
|       16000       |      0.842875      |    0.827     |    0.82652    |
|       18000       | 0.8353333333333334 |    0.8318    |     0.8276    |
|       20000       |       0.8311       |    0.8242    |    0.82088    |
+-------------------+--------------------+--------------+---------------+