+-------------------+--------------------+---------+--------------------+
| Training examples |     Precision      |  Recall |         F1         |
+-------------------+--------------------+---------+--------------------+
|        2000       |        0.5         | 0.99984 | 0.6666311073181139 |
|        4000       | 0.500020000800032  |   1.0   | 0.6666844449185311 |
|        6000       |        0.5         |   1.0   | 0.6666666666666666 |
|        8000       |        0.5         |   1.0   | 0.6666666666666666 |
|       10000       |        0.5         |   1.0   | 0.6666666666666666 |
|       12000       | 0.6545954989475956 | 0.97032 | 0.7817847819781495 |
|       14000       | 0.7498531235720347 | 0.91896 | 0.8258384557316942 |
|       16000       | 0.8056158742044178 | 0.86072 | 0.832256816863276  |
|       18000       | 0.8430222817892444 | 0.80512 | 0.8236353220394467 |
|       20000       | 0.8739511467462241 | 0.74992 | 0.8071988288986481 |
+-------------------+--------------------+---------+--------------------+